8371400,2022-11-28T19:18:16,1669663096,722978296
8371400,2022-11-29T02:08:33,1669687713,723002913
8371400,2022-11-29T09:11:44,1669713104,723028304
8371400,2022-11-29T15:34:49,1669736089,723051289
8371400,2022-11-29T21:57:24,1669759044,723074244
8371400,2022-11-30T04:59:58,1669784398,723099598
8371400,2022-11-30T11:28:21,1669807701,723122901
8371400,2022-11-30T20:30:32,1669840232,723155432
8371400,2022-12-01T06:19:13,1669875553,723190753
8371400,2022-12-01T15:37:08,1669909028,723224228
