1645240,2022-11-30T09:42:38,1669801358,723116558
1645240,2022-11-30T10:16:33,1669803393,723118593
1645240,2022-11-30T10:16:56,1669803416,723118616
1645240,2022-11-30T10:59:16,1669805956,723121156
1645240,2022-11-30T11:10:30,1669806630,723121830
1645240,2022-11-30T11:10:42,1669806642,723121842
1645240,2022-11-30T11:27:18,1669807638,723122838
1645240,2022-11-30T11:27:33,1669807653,723122853
1645240,2022-11-30T11:27:41,1669807661,723122861
1645240,2022-11-30T11:27:43,1669807663,723122863
1645240,2022-11-30T11:27:57,1669807677,723122877
1645240,2022-11-30T11:27:58,1669807678,723122878
1645240,2022-11-30T11:41:21,1669808481,723123681
1645240,2022-11-30T11:46:01,1669808761,723123961
1645240,2022-11-30T11:49:12,1669808952,723124152
1645240,2022-11-30T15:16:30,1669821390,723136590
1645240,2022-11-30T15:36:18,1669822578,723137778
1645240,2022-11-30T15:37:12,1669822632,723137832
1645240,2022-11-30T15:38:53,1669822733,723137933
1645240,2022-11-30T15:39:09,1669822749,723137949
1645240,2022-11-30T15:39:27,1669822767,723137967
1645240,2022-11-30T15:39:38,1669822778,723137978
1645240,2022-11-30T15:39:55,1669822795,723137995
1645240,2022-11-30T15:40:05,1669822805,723138005
1645240,2022-11-30T15:40:19,1669822819,723138019
1645240,2022-11-30T15:40:30,1669822830,723138030
1645240,2022-11-30T15:40:53,1669822853,723138053
1645240,2022-11-30T15:41:10,1669822870,723138070
1645240,2022-11-30T15:41:32,1669822892,723138092
1645240,2022-11-30T15:41:43,1669822903,723138103
1645240,2022-11-30T15:42:03,1669822923,723138123
1645240,2022-11-30T15:42:17,1669822937,723138137
1645240,2022-11-30T15:42:48,1669822968,723138168
1645240,2022-11-30T15:43:09,1669822989,723138189
1645240,2022-11-30T15:43:35,1669823015,723138215
1645240,2022-11-30T15:43:46,1669823026,723138226
1645240,2022-11-30T15:43:59,1669823039,723138239
1645240,2022-11-30T15:44:09,1669823049,723138249
1645240,2022-11-30T15:44:25,1669823065,723138265
1645240,2022-11-30T15:44:37,1669823077,723138277
1645240,2022-11-30T15:45:35,1669823135,723138335
1645240,2022-11-30T15:47:50,1669823270,723138470
1645240,2022-11-30T19:49:30,1669837770,723152970
1645240,2022-11-30T19:51:57,1669837917,723153117
1645240,2022-12-01T15:32:47,1669908767,723223967
1645240,2022-12-02T05:34:33,1669959273,723274473
1645240,2022-12-02T05:35:32,1669959332,723274532
1645240,2022-12-02T05:35:46,1669959346,723274546
1645240,2022-12-02T05:36:07,1669959367,723274567
1645240,2022-12-02T05:36:19,1669959379,723274579
1645240,2022-12-02T05:36:39,1669959399,723274599
1645240,2022-12-02T05:37:01,1669959421,723274621
1645240,2022-12-02T05:38:04,1669959484,723274684
1645240,2022-12-02T05:39:00,1669959540,723274740
1645240,2022-12-02T05:39:29,1669959569,723274769
1645240,2022-12-02T05:39:57,1669959597,723274797
1645240,2022-12-02T05:46:14,1669959974,723275174
1645240,2022-12-02T05:49:31,1669960171,723275371
1645240,2022-12-02T15:27:39,1669994859,723310059
1645240,2022-12-02T15:27:40,1669994860,723310060
1645240,2022-12-02T17:07:43,1670000863,723316063
1645240,2022-12-02T17:08:27,1670000907,723316107
1645240,2022-12-02T17:09:43,1670000983,723316183
1645240,2022-12-02T17:10:51,1670001051,723316251
1645240,2022-12-02T17:13:57,1670001237,723316437
1645240,2022-12-02T17:24:57,1670001897,723317097
1645240,2022-12-02T17:30:24,1670002224,723317424
1645240,2022-12-02T17:34:38,1670002478,723317678
1645240,2022-12-02T17:43:33,1670003013,723318213
1645240,2022-12-02T17:50:20,1670003420,723318620
1645240,2022-12-03T11:18:52,1670066332,723381532
1645240,2022-12-03T15:30:58,1670081458,723396658
1645240,2022-12-03T15:31:19,1670081479,723396679
1645240,2022-12-03T15:31:44,1670081504,723396704
1645240,2022-12-03T15:32:23,1670081543,723396743
1645240,2022-12-03T20:17:26,1670098646,723413846
1645240,2022-12-03T20:45:43,1670100343,723415543
1645240,2022-12-03T21:26:15,1670102775,723417975
1645240,2022-12-04T01:01:50,1670115710,723430910
1645240,2022-12-04T01:13:29,1670116409,723431609
1645240,2022-12-04T01:29:31,1670117371,723432571
1645240,2022-12-04T01:41:31,1670118091,723433291
1645240,2022-12-04T01:57:35,1670119055,723434255
1645240,2022-12-04T02:08:28,1670119708,723434908
1645240,2022-12-04T02:32:01,1670121121,723436321
1645240,2022-12-04T02:43:12,1670121792,723436992
1645240,2022-12-04T02:50:05,1670122205,723437405
1645240,2022-12-04T02:55:01,1670122501,723437701
1645240,2022-12-04T03:09:32,1670123372,723438572
1645240,2022-12-04T04:01:14,1670126474,723441674
1645240,2022-12-04T15:37:32,1670168252,723483452
1645240,2022-12-04T20:53:30,1670187210,723502410
1645240,2022-12-05T05:00:56,1670216456,723531656
1645240,2022-12-05T05:37:50,1670218670,723533870
1645240,2022-12-05T16:02:31,1670256151,723571351
1645240,2022-12-06T18:35:07,1670351707,723666907
1645240,2022-12-06T18:36:46,1670351806,723667006
1645240,2022-12-06T18:38:03,1670351883,723667083
1645240,2022-12-06T18:42:18,1670352138,723667338
1645240,2022-12-06T18:45:28,1670352328,723667528
1645240,2022-12-06T18:47:18,1670352438,723667638
1645240,2022-12-06T18:48:34,1670352514,723667714
1645240,2022-12-06T18:50:35,1670352635,723667835
1645240,2022-12-06T18:52:11,1670352731,723667931
1645240,2022-12-06T18:56:04,1670352964,723668164
1645240,2022-12-07T06:20:53,1670394053,723709253
1645240,2022-12-07T18:10:57,1670436657,723751857
1645240,2022-12-07T18:11:51,1670436711,723751911
1645240,2022-12-07T18:12:53,1670436773,723751973
1645240,2022-12-07T18:13:31,1670436811,723752011
1645240,2022-12-07T18:14:19,1670436859,723752059
1645240,2022-12-07T18:14:49,1670436889,723752089
1645240,2022-12-07T18:16:06,1670436966,723752166
1645240,2022-12-07T18:17:15,1670437035,723752235
1645240,2022-12-07T18:19:58,1670437198,723752398
1645240,2022-12-07T18:23:43,1670437423,723752623
1645240,2022-12-08T06:49:54,1670482194,723797394
1645240,2022-12-08T07:28:46,1670484526,723799726
1645240,2022-12-08T08:00:25,1670486425,723801625
1645240,2022-12-08T08:16:13,1670487373,723802573
1645240,2022-12-08T08:29:09,1670488149,723803349
